256 128
1 0
1 1
1 2
1 3
1 4
1 5
1 6
1 7
1 8
1 9
1 10
1 11
1 12
1 13
1 14
1 15
1 16
1 17
1 18
1 19
1 20
1 21
1 22
1 23
1 24
1 25
1 26
1 27
1 28
1 29
1 30
1 31
1 32
1 33
1 34
1 35
1 36
1 37
1 38
1 39
1 40
1 41
1 42
1 43
1 44
1 45
1 46
1 48
1 49
1 50
1 51
1 52
1 53
1 54
1 56
1 57
1 64
1 65
1 66
1 67
1 68
1 69
1 70
1 71
1 72
1 73
1 74
1 75
1 76
1 77
1 78
1 80
1 81
1 82
1 83
1 84
1 85
1 86
1 88
1 89
1 96
1 97
1 98
1 100
1 104
18 47 55 60 61 62 79 87 90 94 95 99 102 103 105 107 110 111 112
1 128
1 129
1 130
1 131
1 132
1 133
1 134
1 135
1 136
1 137
1 138
1 139
1 140
1 141
1 142
1 144
1 145
1 146
1 147
1 148
1 149
1 150
1 152
1 153
1 160
1 161
1 162
1 164
1 168
14 47 61 151 155 157 158 159 163 165 166 170 171 173 176
1 192
1 193
1 194
1 196
1 200
10 92 94 154 155 158 159 199 202 204 208
1 224
56 47 55 59 62 79 87 95 101 102 103 105 106 108 111 113 114 116 117 118 119 121 122 126 127 143 155 156 157 158 159 165 169 171 172 173 177 178 179 181 183 185 188 190 195 197 198 203 204 205 206 207 210 212 213 220 225
55 55 61 92 93 99 101 102 103 105 106 107 108 110 115 121 123 125 126 127 151 154 155 156 157 158 163 165 167 169 170 171 174 177 178 182 184 185 190 195 197 198 199 201 202 203 204 205 206 212 213 217 220 221 223 226
62 59 61 63 91 92 93 94 95 99 101 105 106 108 109 111 113 114 115 117 119 120 123 154 155 157 165 167 169 170 172 174 175 177 180 181 182 184 185 186 187 189 190 191 197 201 203 204 205 206 207 210 212 213 215 216 218 219 220 222 225 226 228
53 58 59 62 90 91 92 93 94 95 99 101 103 106 109 110 114 118 119 121 124 125 154 155 156 158 165 167 171 172 173 174 177 178 179 181 188 195 199 202 205 206 209 211 212 214 215 216 217 222 225 226 230 232
63 47 60 61 62 79 87 93 99 103 105 107 108 111 114 115 116 117 120 122 123 124 125 127 143 154 155 156 158 165 169 170 172 173 175 177 178 179 180 190 191 195 197 199 201 203 204 206 207 211 216 218 219 220 222 225 226 228 229 230 234 236 237 240
