1024 512
1 0
1 1
1 2
1 3
1 4
1 5
1 6
1 7
1 8
1 9
1 10
1 11
1 12
1 13
1 14
1 15
1 16
1 17
1 18
1 19
1 20
1 21
1 22
1 23
1 24
1 25
1 26
1 27
1 28
1 29
1 30
1 31
1 32
1 33
1 34
1 35
1 36
1 37
1 38
1 39
1 40
1 41
1 42
1 43
1 44
1 45
1 46
1 47
1 48
1 49
1 50
1 51
1 52
1 53
1 54
1 55
1 56
1 57
1 58
1 59
1 60
1 61
1 62
1 63
1 64
1 65
1 66
1 67
1 68
1 69
1 70
1 71
1 72
1 73
1 74
1 75
1 76
1 77
1 78
1 79
1 80
1 81
1 82
1 83
1 84
1 85
1 86
1 87
1 88
1 89
1 90
1 91
1 92
1 93
1 94
1 95
1 96
1 97
1 98
1 99
1 100
1 101
1 102
1 103
1 104
1 105
1 106
1 107
1 108
1 109
1 110
1 111
1 112
1 113
1 114
1 115
1 116
1 117
1 118
1 119
1 120
1 121
1 122
1 123
1 124
1 125
1 126
1 128
1 129
1 130
1 131
1 132
1 133
1 134
1 135
1 136
1 137
1 138
1 139
1 140
1 141
1 142
1 143
1 144
1 145
1 146
1 147
1 148
1 149
1 150
1 151
1 152
1 153
1 154
1 155
1 156
1 157
1 158
1 159
1 160
1 161
1 162
1 163
1 164
1 165
1 166
1 167
1 168
1 169
1 170
1 171
1 172
1 173
1 174
1 175
1 176
1 177
1 178
1 179
1 180
1 181
1 182
1 183
1 184
1 185
1 186
1 187
1 188
2 127 189
2 127 190
1 192
1 193
1 194
1 195
1 196
1 197
1 198
1 199
1 200
1 201
1 202
1 203
1 204
1 205
1 206
1 207
1 208
1 209
1 210
1 211
1 212
1 213
1 214
2 191 215
1 216
1 217
1 218
2 191 219
1 220
1 224
1 225
1 226
1 227
1 228
1 229
1 230
2 222 231
1 232
1 233
1 234
5 127 191 222 223 236
1 240
1 241
5 222 223 237 238 242
7 127 191 235 237 238 239 244
11 127 221 222 223 235 239 243 245 246 247 248
1 256
1 257
1 258
1 259
1 260
1 261
1 262
1 263
1 264
1 265
1 266
1 267
1 268
1 269
1 270
1 271
1 272
1 273
1 274
1 275
1 276
1 277
1 278
1 279
1 280
1 281
1 282
1 283
1 284
1 285
1 286
1 287
1 288
1 289
1 290
1 291
1 292
1 293
1 294
1 295
1 296
1 297
1 298
1 299
1 300
1 301
1 302
1 303
1 304
1 305
1 306
1 307
1 308
1 309
1 310
12 127 221 222 237 245 246 247 250 251 253 254 311
1 312
1 313
1 314
1 316
1 320
1 321
1 322
1 323
1 324
1 325
1 326
1 327
1 328
1 329
1 330
1 331
1 332
1 333
1 334
12 127 222 237 247 251 252 254 315 317 318 319 335
1 336
1 337
1 338
1 339
1 340
1 341
1 342
1 344
1 345
14 127 221 222 223 235 239 243 249 250 252 254 315 318 346
18 127 222 223 235 237 238 239 243 246 249 251 252 253 254 255 318 347 348
1 352
1 353
1 354
1 355
1 356
16 221 238 239 243 245 246 247 250 252 253 254 255 317 343 347 357
16 191 221 222 235 237 238 246 250 251 253 254 315 318 347 351 358
1 360
18 127 191 222 223 243 245 246 247 250 251 252 254 318 319 343 351 359 361
16 127 222 235 237 238 239 245 246 247 249 253 254 315 317 359 362
1 368
1 384
1 385
1 386
1 387
1 388
1 389
1 390
1 391
1 392
1 393
1 394
1 395
1 396
1 397
26 222 235 239 243 247 252 253 254 255 315 317 318 319 343 347 365 366 367 370 371 373 374 377 378 382 398
1 400
1 401
1 402
25 127 223 235 243 246 247 249 250 254 255 315 317 319 364 366 370 374 375 377 378 379 380 381 399 403
1 404
27 127 191 222 223 235 239 243 245 246 250 253 254 315 318 319 351 364 365 366 367 369 372 374 375 377 381 405
24 191 222 237 238 247 249 250 251 252 254 255 317 319 347 350 366 371 374 375 377 378 379 380 406
1 408
1 416
1 417
1 418
27 127 191 222 235 239 243 245 247 251 253 343 347 359 363 364 367 369 370 371 374 376 380 382 399 407 415 419
1 420
1 424
45 191 221 222 223 235 237 238 243 247 249 250 251 254 315 318 319 347 349 350 351 359 363 365 369 370 372 373 374 375 376 377 378 381 382 409 410 411 415 421 422 423 425 426 427 432
1 448
1 449
1 450
1 452
39 191 221 239 245 246 249 253 255 315 343 347 349 350 363 364 367 370 372 375 378 379 381 382 399 407 409 410 422 426 427 428 435 440 442 444 451 454 455 456
43 127 191 235 237 239 245 246 250 252 254 255 315 317 347 363 364 367 370 399 407 409 410 411 413 414 422 423 425 428 430 433 436 438 439 441 443 444 451 457 458 461 463 464
1 512
1 513
1 514
1 515
1 516
1 517
1 518
1 519
1 520
1 521
1 522
1 523
1 524
1 525
1 526
1 527
1 528
1 529
1 530
1 531
1 532
1 533
1 534
1 535
1 536
1 537
1 538
1 539
1 540
1 541
1 542
81 127 222 237 238 239 243 245 246 247 249 250 251 253 254 255 315 317 318 343 347 350 363 365 367 370 373 374 375 377 378 380 399 407 410 413 414 415 422 423 426 429 430 433 434 435 439 444 446 453 454 455 458 460 462 463 466 467 469 470 473 474 479 480 481 483 489 490 491 492 495 496 498 499 500 501 502 503 504 505 510 543
1 544
1 545
1 546
1 547
1 548
1 549
1 550
1 551
1 552
1 553
1 554
1 555
1 556
1 557
1 558
1 560
1 561
1 562
1 563
1 564
70 191 221 222 223 238 243 251 254 318 349 351 365 369 370 372 380 381 382 383 399 410 411 413 426 429 430 433 436 438 439 441 442 444 446 451 453 454 460 461 465 468 470 471 472 474 475 476 477 478 479 480 481 482 486 487 489 490 491 492 494 495 496 497 498 501 504 505 506 509 565
78 127 191 222 237 238 239 243 246 250 318 319 343 363 364 366 369 370 372 373 375 376 377 378 380 383 399 407 409 410 411 412 413 414 415 421 435 437 438 439 442 443 446 451 453 454 455 457 462 463 465 466 467 468 469 470 471 472 473 477 478 479 480 482 484 485 486 492 493 494 498 499 501 502 503 505 506 509 566
1 568
67 127 191 223 235 237 238 243 245 249 250 251 253 318 347 350 351 359 365 369 370 374 381 382 407 409 421 423 425 426 428 430 431 434 436 437 438 440 443 447 451 453 457 458 459 460 462 467 473 474 475 478 486 493 494 495 497 498 499 500 503 505 506 507 509 510 567 569
77 127 221 222 238 239 243 250 251 252 254 255 315 343 347 349 350 365 366 367 369 370 373 374 375 378 380 382 383 409 412 414 415 421 423 425 429 430 433 434 436 438 440 442 446 447 453 454 457 458 459 460 466 468 469 470 471 474 476 477 478 483 487 488 491 492 493 494 496 498 499 501 503 505 506 508 559 570
1 576
1 577
1 578
1 579
1 580
1 581
1 582
1 583
1 584
1 585
1 586
1 587
1 588
83 127 191 222 235 237 243 245 246 247 251 253 254 317 347 350 351 365 366 369 373 375 376 378 381 383 407 409 410 411 412 413 414 415 421 423 427 429 430 433 435 437 438 439 440 441 442 443 446 447 453 455 462 463 465 466 467 468 469 473 475 476 479 481 483 484 487 488 489 491 492 494 499 500 503 506 507 508 509 511 559 571 574 589
71 222 237 243 246 247 253 254 255 315 319 343 347 349 350 359 365 371 374 382 409 411 412 415 422 423 425 426 428 429 431 434 435 440 441 444 447 453 454 458 460 461 462 463 465 466 467 469 471 472 474 475 478 480 484 488 495 498 500 503 504 505 506 507 508 509 510 511 571 572 573 590
1 592
1 593
1 594
73 191 235 237 239 243 245 247 252 315 343 351 363 364 365 366 370 372 373 374 377 379 380 381 383 399 407 409 411 415 422 423 425 429 431 435 437 439 440 442 445 446 454 457 458 460 462 463 465 466 470 473 474 475 476 477 483 484 486 489 490 496 497 498 499 502 505 559 567 571 572 574 575 595
1 596
1 600
1 608
1 609
1 610
1 612
89 221 222 235 237 238 243 245 247 251 253 317 319 347 350 359 364 366 367 369 371 372 373 374 377 378 379 380 382 399 409 413 415 421 422 423 425 427 428 429 434 438 439 441 443 445 451 453 454 459 461 463 466 472 473 475 477 479 480 481 487 489 494 495 496 497 498 499 500 502 503 504 506 507 508 509 510 511 567 572 573 574 575 591 599 602 604 614 615 616
86 127 191 221 222 223 235 239 243 249 254 255 315 350 359 363 364 366 367 370 371 372 373 374 376 381 382 383 399 407 410 412 413 414 415 421 425 426 427 433 434 435 437 440 445 447 451 454 460 461 462 465 469 470 472 478 481 486 487 490 491 492 494 495 497 498 500 501 503 505 508 559 571 573 574 591 598 601 602 607 613 614 618 620 622 623 624
1 640
1 641
1 642
1 643
1 644
1 645
1 646
101 191 221 235 237 251 252 253 317 318 319 343 347 350 351 363 364 366 370 371 372 373 374 377 378 379 380 399 407 414 415 421 422 426 427 428 429 430 438 440 441 442 443 444 445 446 451 457 458 460 461 465 466 467 468 470 471 473 476 479 480 483 485 486 487 488 489 490 492 494 495 498 501 503 505 506 511 571 572 573 574 575 598 602 607 611 613 615 617 619 625 626 627 628 629 630 631 632 633 634 636 647
1 648
1 649
1 650
1 652
1 656
1 657
1 658
100 191 221 223 239 245 250 252 254 255 315 317 319 343 347 351 363 364 366 367 372 373 375 376 379 380 381 382 399 407 410 411 421 422 423 426 427 428 431 435 436 439 440 444 445 446 447 451 453 455 457 461 465 466 467 470 472 474 476 478 479 480 481 482 485 487 489 491 492 495 501 503 505 506 509 567 571 591 599 601 602 604 611 613 614 615 619 622 623 625 627 628 630 631 634 635 637 638 653 654 660
91 191 222 223 237 246 247 250 347 350 359 363 365 367 370 374 377 378 380 382 410 412 413 414 415 422 425 426 427 428 431 434 435 438 439 440 442 443 445 447 451 453 457 458 461 463 465 467 468 469 470 471 472 473 478 480 484 486 490 493 494 498 500 501 502 503 504 506 511 567 597 604 606 611 613 618 619 620 621 623 626 628 629 631 633 634 635 639 651 653 654 664
1 672
1 673
112 127 191 223 237 239 243 247 249 251 253 255 315 317 318 349 350 351 359 365 366 367 369 371 372 375 378 380 381 383 399 410 412 421 425 427 428 430 433 434 437 439 440 442 443 444 445 453 458 459 460 462 465 467 470 471 473 475 477 478 479 480 481 482 483 486 488 490 492 494 498 499 500 506 507 509 559 571 572 573 574 597 598 599 601 602 605 611 614 615 617 618 619 620 625 626 627 628 629 631 632 634 636 654 661 662 663 665 667 668 670 671 674
104 127 191 222 223 237 238 239 243 245 247 252 254 315 319 347 350 363 364 369 370 372 373 376 377 382 383 411 422 423 426 427 428 429 430 431 433 434 437 438 439 440 441 443 444 447 454 455 457 459 463 465 467 468 470 471 472 474 475 477 479 481 482 485 486 487 490 491 494 496 500 501 502 504 506 507 509 571 572 591 599 602 605 613 615 617 618 622 625 626 627 628 629 630 632 635 636 639 653 665 666 667 669 671 676
1 704
107 221 222 223 238 243 245 247 251 253 254 318 351 364 367 369 370 372 376 377 378 381 382 399 411 412 414 422 425 429 430 434 435 437 439 443 445 451 455 457 465 467 469 470 471 472 475 476 477 480 481 482 483 484 485 486 488 491 492 496 497 500 503 504 507 509 511 567 571 573 574 598 599 604 613 615 619 620 623 625 628 629 631 636 638 651 659 663 666 675 678 679 680 681 682 683 684 685 686 687 689 691 696 697 699 700 702 705
118 221 235 237 238 239 245 246 247 250 254 255 315 318 349 350 351 359 363 367 370 371 373 374 379 380 381 407 423 426 428 429 430 431 434 437 439 440 441 447 453 454 455 457 462 467 470 472 474 478 481 482 483 486 490 494 495 496 500 502 504 505 506 508 509 510 511 567 573 574 575 597 598 603 604 607 611 617 622 623 625 626 627 628 629 631 632 633 634 636 637 638 651 653 659 662 663 665 666 667 668 669 670 677 678 679 680 681 683 685 686 689 694 695 697 698 701 703 706
1 768
1 769
1 770
1 771
1 772
1 773
1 774
1 776
1 777
147 222 235 238 247 249 251 253 254 255 317 318 319 343 347 350 359 365 372 373 376 378 379 380 381 382 383 399 407 409 410 413 414 415 421 422 423 425 428 429 430 433 434 437 438 442 443 444 445 446 457 458 459 460 462 463 465 466 469 472 475 476 478 479 481 482 484 485 489 492 493 494 495 496 498 499 500 501 506 508 509 511 572 602 603 604 605 607 611 613 615 617 620 627 635 636 638 651 654 661 662 665 667 670 675 677 681 682 685 688 689 691 692 694 695 700 701 703 710 711 713 715 716 718 719 720 721 731 733 734 735 736 739 742 746 747 748 749 750 751 756 758 760 762 763 765 766 778
152 127 191 221 222 237 238 245 249 250 252 253 254 315 317 347 349 350 365 367 369 370 371 372 375 377 379 381 382 383 399 407 409 411 413 422 423 427 430 431 433 434 436 438 439 445 451 455 457 460 461 465 468 471 472 473 475 476 478 481 482 483 484 486 487 488 489 490 491 495 497 498 500 501 502 503 505 507 508 509 511 573 597 606 614 617 618 620 623 625 626 628 632 635 636 637 639 653 654 655 659 663 665 668 669 678 679 680 682 685 687 689 690 692 694 695 696 699 707 711 712 715 718 719 722 723 724 725 728 733 735 736 738 739 740 742 743 745 746 750 751 752 754 756 758 759 761 762 763 765 775 779 780
1 784
144 191 221 222 238 243 245 246 247 249 250 251 252 253 254 255 318 319 347 351 364 365 370 372 375 377 378 380 382 383 407 410 412 413 414 415 421 422 423 425 426 428 429 430 431 433 434 441 443 446 447 455 457 459 460 465 466 468 469 478 479 481 487 490 494 496 499 502 504 506 507 508 509 511 567 571 572 573 574 591 598 599 601 602 603 605 606 613 615 618 620 621 628 629 632 633 634 637 651 653 654 655 661 665 666 669 671 680 683 684 685 686 687 688 690 697 698 700 703 707 710 715 716 718 724 726 729 731 732 733 735 737 739 743 744 745 748 750 756 757 760 761 762 783 785
156 191 237 239 246 247 249 250 251 315 317 347 350 351 365 366 373 375 377 378 379 411 412 413 414 415 421 423 426 427 428 430 433 434 435 438 439 441 444 445 446 455 457 458 459 460 462 466 467 469 470 471 475 477 481 483 486 487 488 489 490 493 494 495 496 497 498 501 502 504 507 508 509 511 567 572 573 591 597 599 603 605 611 613 614 615 617 618 622 627 628 632 634 636 638 639 661 662 668 669 670 671 678 680 681 682 684 687 688 689 691 694 695 699 700 703 707 709 710 711 712 713 715 716 718 720 722 723 724 725 728 729 730 737 740 742 744 747 748 749 750 751 753 755 756 757 758 759 760 761 764 766 775 779 781 783 786
1 800
165 127 191 222 235 238 243 246 247 254 255 317 350 351 365 366 367 369 372 373 377 379 381 382 383 399 407 411 412 414 422 423 428 429 434 435 437 439 440 442 443 445 447 454 455 459 460 461 462 463 465 466 469 472 473 474 477 478 479 482 484 485 487 488 491 492 493 494 497 499 500 503 504 505 510 511 572 573 575 591 597 598 601 603 604 611 618 622 623 625 626 627 628 629 630 633 635 637 638 653 654 655 659 662 665 666 667 668 675 678 679 680 681 682 683 684 685 687 688 689 691 692 694 695 696 698 699 701 702 707 708 711 712 713 714 715 720 723 728 730 732 733 737 743 744 746 747 748 754 755 759 760 761 763 766 782 783 787 788 790 791 792 795 796 798 801
157 127 221 235 238 239 243 245 246 250 315 319 347 349 350 359 367 369 370 373 377 379 380 382 399 407 411 412 413 415 421 422 425 428 429 433 434 438 441 442 443 444 447 453 454 457 458 460 461 462 463 465 466 469 472 474 475 476 477 478 484 485 486 488 490 493 496 497 498 499 501 502 503 504 508 509 510 567 571 572 574 597 598 599 601 606 607 613 615 617 620 621 622 623 625 626 630 632 633 634 637 639 653 662 666 667 669 670 671 675 677 680 681 683 691 694 696 697 701 709 711 715 716 717 719 720 723 724 727 729 730 734 735 736 738 739 740 741 745 746 747 748 756 758 761 763 764 779 782 790 792 794 795 796 798 799 802 804
173 191 221 222 235 238 243 246 247 250 255 315 317 318 319 347 349 351 359 363 364 366 369 373 374 377 378 380 381 382 399 407 409 410 411 412 415 422 425 426 428 430 431 433 436 437 439 442 451 455 457 458 459 461 465 467 469 470 471 472 476 478 479 480 481 483 484 485 489 490 493 495 496 497 498 500 503 505 506 507 508 559 572 574 597 598 599 601 603 604 606 611 613 615 617 618 620 621 622 623 626 635 636 638 654 661 662 666 667 669 671 675 678 680 681 682 685 686 687 688 689 690 691 692 693 694 699 700 702 707 710 711 713 718 721 724 725 726 727 728 729 730 731 732 734 741 742 743 747 749 750 752 753 756 758 759 760 761 762 765 767 781 783 787 790 791 792 795 796 799 802 803 806 808
153 221 238 239 243 247 252 253 254 255 318 349 351 363 369 370 377 379 382 411 414 421 422 423 425 426 427 434 435 437 438 439 441 445 451 454 461 466 467 470 471 476 477 478 480 481 483 484 485 486 492 496 497 503 504 506 508 509 511 571 574 598 599 601 602 603 604 606 607 615 618 620 621 622 625 626 630 632 633 636 638 639 651 655 659 665 666 667 669 670 671 675 677 679 680 682 684 685 688 691 692 693 694 695 700 702 707 709 710 711 713 715 716 723 725 727 728 729 730 733 734 735 736 738 740 741 742 744 746 749 759 761 766 775 779 781 783 787 793 794 795 797 799 802 804 805 806 807 811 812 813 814 815 816
1 832
172 127 191 237 238 250 251 252 253 254 315 318 319 343 350 363 364 365 366 369 371 372 378 379 380 381 382 383 407 413 414 415 421 422 423 427 433 442 443 444 445 447 451 455 460 461 463 465 467 468 469 472 473 474 478 479 481 483 484 488 489 491 492 494 496 497 500 501 502 504 509 510 567 572 574 575 597 598 605 613 615 617 618 620 621 622 626 628 631 632 634 635 636 638 639 651 654 659 661 662 663 666 667 668 677 678 684 686 688 689 693 694 697 698 702 707 708 710 712 715 716 717 718 721 723 724 725 726 727 728 729 730 731 732 733 736 737 738 740 743 745 750 752 754 755 757 765 767 775 779 783 787 789 790 798 802 804 809 810 811 813 814 816 820 821 823 824 825 826 829 830 831 833
179 191 221 222 223 235 243 245 246 247 249 250 252 254 317 319 343 347 349 350 351 359 363 364 365 369 370 376 378 379 380 381 382 383 410 411 413 414 421 425 426 428 429 433 434 435 438 442 443 445 447 457 459 465 467 470 475 477 479 480 484 485 486 490 491 494 497 499 502 504 505 509 511 559 567 573 575 591 598 601 605 606 607 614 617 623 625 628 629 630 632 636 638 639 651 654 655 663 666 667 671 679 681 686 688 692 694 697 698 699 700 701 707 711 713 714 715 716 717 718 720 721 724 725 728 731 732 734 735 736 737 738 744 745 747 748 749 751 752 754 755 756 757 760 761 763 764 765 766 767 775 779 781 782 787 788 790 792 794 795 796 797 802 805 806 807 809 810 816 817 819 821 822 823 826 827 828 830 831 834
184 127 191 223 235 238 243 249 250 252 315 318 319 343 347 359 363 364 365 369 372 373 374 399 407 410 414 415 421 422 425 426 430 431 433 434 436 437 438 439 444 446 447 451 453 459 462 463 467 468 471 472 473 474 475 476 478 479 481 482 484 485 486 488 492 493 494 498 499 502 503 504 506 509 573 574 575 591 599 601 602 604 605 606 613 615 619 621 622 623 629 632 634 635 637 638 639 651 653 655 661 663 665 666 669 675 677 678 679 680 681 682 686 687 688 689 690 691 692 693 694 697 700 701 702 707 708 709 711 713 715 716 719 720 721 723 724 728 730 731 732 733 735 738 739 741 742 743 746 747 750 753 754 756 757 759 760 761 762 763 766 767 781 783 789 790 792 793 794 795 797 798 799 804 806 809 811 812 814 815 820 821 824 833 836
152 127 191 222 223 237 238 239 245 247 251 252 255 317 318 319 347 349 351 359 363 366 367 372 376 378 382 407 412 413 415 421 422 423 426 429 434 436 437 438 439 441 444 457 458 459 460 463 465 471 474 477 482 484 485 486 488 490 493 497 498 499 500 503 507 508 509 510 573 574 591 597 601 602 604 606 607 613 614 617 619 620 626 628 629 630 632 633 637 659 662 667 669 671 675 679 689 691 694 696 697 699 701 709 713 716 718 720 724 725 726 729 736 737 740 741 743 746 754 759 761 762 765 781 783 787 790 798 803 804 806 809 810 811 812 814 816 818 819 820 821 823 826 827 828 830 833 834 836 837 838 839 840
179 127 191 221 222 237 238 243 249 251 252 255 315 318 319 343 350 351 359 363 365 366 367 369 375 376 378 379 381 382 383 399 410 411 412 413 414 421 427 428 429 431 435 436 437 438 440 441 442 444 445 446 447 451 453 454 455 457 462 463 465 466 467 471 472 473 474 475 476 480 483 485 486 489 491 492 493 494 499 500 503 505 509 511 559 567 573 574 575 591 599 605 611 613 615 617 623 627 628 630 631 632 634 637 638 639 654 675 677 680 681 682 684 686 689 692 693 695 698 700 703 707 709 711 715 716 718 720 722 724 731 732 735 736 737 738 740 744 745 748 749 752 757 759 760 761 763 764 766 767 779 781 782 783 787 788 790 797 798 802 803 808 810 814 816 817 818 820 822 824 826 830 831 833 834 835 838 842 847 848
180 127 221 222 239 245 246 250 251 254 315 317 319 349 359 364 365 366 367 371 372 376 377 381 383 410 411 412 415 421 426 427 431 436 437 440 444 446 451 453 457 458 459 460 462 465 467 468 470 471 472 474 476 477 478 480 482 483 490 491 495 496 501 502 503 505 507 508 509 510 573 574 575 597 599 601 602 603 604 606 613 617 621 622 625 626 628 629 635 638 639 653 662 663 665 666 667 668 669 671 677 682 685 686 687 688 692 695 700 702 703 707 710 713 717 718 719 721 723 724 726 727 733 734 736 739 740 741 744 745 751 752 753 754 758 759 762 763 764 767 782 783 787 788 790 794 802 805 808 810 811 812 813 815 817 821 824 825 826 827 829 830 834 835 837 840 841 843 844 846 849 852 853 855 858 859 860 861 862 863 864
196 221 222 223 235 246 250 253 255 315 318 319 347 349 364 365 367 369 372 373 374 375 376 379 380 381 383 409 410 411 412 415 421 425 426 427 428 434 438 442 446 447 451 455 458 459 460 461 466 467 469 475 476 477 479 480 481 482 483 484 485 486 488 491 492 493 496 497 501 503 506 507 573 575 598 599 601 602 604 606 607 611 613 614 615 617 618 621 623 625 630 631 637 639 653 663 669 675 679 681 685 686 687 690 691 693 694 695 697 699 701 702 712 714 718 719 720 721 723 725 726 732 733 734 735 736 737 738 739 740 742 743 745 746 748 749 750 751 752 753 754 757 760 761 764 765 779 781 783 787 790 791 793 794 795 796 797 798 799 803 807 810 813 815 818 819 820 825 826 828 829 831 839 842 845 846 850 852 853 854 855 856 857 859 863 868 871 872 876 879 880 890 891 892 893 894 896
187 221 222 223 237 245 246 247 249 250 252 253 315 317 319 343 350 351 363 366 367 371 373 378 381 407 409 410 411 415 423 435 437 439 440 445 446 447 451 454 457 459 461 462 466 469 470 473 476 480 482 484 487 488 490 491 493 494 495 496 497 498 499 500 505 506 509 559 572 591 599 601 602 603 604 605 607 611 614 615 618 619 622 626 628 629 631 632 635 636 639 651 654 663 665 666 669 671 679 683 687 688 692 694 699 701 702 703 707 708 709 712 713 714 715 719 721 722 723 724 727 729 733 734 735 742 743 744 746 752 755 756 759 762 765 767 775 781 783 788 789 791 792 795 796 797 799 802 805 807 808 809 810 811 812 813 816 817 818 819 820 822 825 828 829 831 837 839 840 843 844 845 850 854 856 861 864 874 876 877 878 883 885 886 889 890 893 897
208 127 222 223 235 237 238 243 245 246 247 249 253 318 319 343 349 351 363 366 367 369 371 372 375 376 377 380 382 399 409 415 428 429 430 433 434 435 437 438 441 444 445 447 451 453 457 460 462 465 467 471 472 474 475 477 479 480 481 482 483 484 486 488 489 492 493 494 499 501 502 505 509 511 567 572 574 575 591 598 601 603 606 607 613 614 615 618 620 622 623 625 626 630 632 633 634 635 637 653 659 662 666 667 669 671 677 679 682 685 688 691 693 694 695 696 700 701 702 707 708 710 711 713 714 717 718 720 722 724 725 727 728 732 735 736 737 741 743 744 745 746 749 753 755 756 757 758 759 760 761 762 763 764 765 781 783 787 788 789 792 804 805 806 809 811 812 813 814 815 817 822 827 834 835 837 840 841 844 845 846 847 849 850 851 852 854 856 859 862 864 866 867 868 869 872 874 877 878 880 882 884 887 892 893 894 895 897 898
219 222 223 243 245 246 247 249 315 317 319 343 347 349 363 364 366 371 373 374 375 376 377 378 382 383 399 409 410 421 422 426 427 430 431 439 441 443 446 447 451 453 455 459 460 461 465 471 473 474 475 476 477 479 480 481 482 484 485 486 487 488 490 492 493 494 495 497 500 505 506 507 509 571 572 573 574 575 599 602 604 606 607 611 613 614 619 625 627 628 629 630 631 632 633 634 636 637 653 659 661 666 668 669 670 678 680 681 683 684 685 689 692 693 694 696 697 699 700 703 708 709 713 714 715 716 718 719 721 724 726 730 732 733 734 735 736 738 739 740 742 743 747 748 749 750 752 753 754 756 759 760 761 763 765 767 779 781 790 791 792 793 795 799 802 806 807 809 810 811 815 817 818 822 823 824 825 826 827 831 835 837 839 841 842 843 844 845 850 851 853 854 856 857 858 859 861 862 863 864 867 868 870 872 875 878 879 880 881 882 883 884 886 887 889 890 891 897 898 900
224 221 222 223 235 237 239 247 249 251 253 255 317 318 343 350 351 363 364 365 367 369 371 372 373 378 379 380 383 399 407 409 411 414 415 426 428 430 431 433 437 440 444 445 446 447 453 454 457 459 460 461 462 465 466 468 469 470 472 473 475 477 478 479 483 484 488 489 490 492 496 498 499 500 501 502 503 504 507 508 509 567 572 575 591 598 599 601 604 607 611 614 617 619 620 621 622 625 627 628 629 631 632 633 634 635 637 638 654 659 661 662 663 666 669 670 675 677 678 679 682 684 685 687 689 690 692 693 694 697 698 700 701 702 703 708 709 711 716 721 722 723 724 728 730 735 737 740 741 742 745 746 748 749 751 754 757 759 760 761 762 763 764 765 767 775 779 781 782 789 790 791 792 794 798 799 805 807 809 811 813 817 819 820 830 833 836 837 839 841 843 847 848 851 852 855 858 861 862 865 867 868 869 870 871 872 873 875 877 879 880 881 882 883 884 888 889 891 892 893 895 899 902 903 904
217 191 221 235 237 239 247 249 250 251 253 254 315 317 319 343 363 364 366 369 371 373 378 383 399 407 409 410 411 413 414 421 422 423 425 427 428 430 433 434 436 437 438 439 440 443 444 446 451 455 459 462 465 466 467 469 472 473 479 486 487 488 490 492 497 498 499 502 503 504 505 507 508 509 510 571 573 574 591 597 598 599 603 607 611 613 614 615 617 618 619 620 621 626 627 628 631 632 634 636 637 651 653 654 659 661 662 663 665 667 669 670 671 675 677 679 682 683 687 689 690 692 693 694 695 698 699 700 702 710 711 713 714 715 717 718 720 725 726 728 733 737 738 740 741 742 745 746 749 750 751 754 755 756 761 762 766 775 790 791 792 793 794 799 803 804 805 809 810 813 816 819 821 825 826 827 834 835 838 840 841 842 846 847 848 849 850 852 855 856 857 859 860 863 868 869 870 872 873 877 879 883 884 885 886 887 888 890 895 897 898 899 900 902 904 909 911 912
207 191 222 223 238 239 246 249 250 251 252 253 254 317 343 350 351 366 367 371 372 373 374 375 378 379 381 382 399 407 409 410 411 421 428 430 431 433 441 442 443 445 446 451 454 457 459 460 462 466 467 468 471 472 474 476 477 480 484 487 490 493 496 498 499 501 502 503 505 506 508 510 511 567 574 575 591 597 599 603 606 607 613 614 619 621 622 628 629 630 631 632 636 637 651 654 655 663 667 668 669 670 671 675 677 680 681 682 685 686 689 690 691 692 693 694 697 698 700 702 707 711 712 714 717 718 719 724 728 729 732 733 734 737 741 743 744 748 751 753 754 755 757 759 763 765 766 782 783 788 792 793 796 797 804 806 808 814 816 817 818 823 824 827 828 831 833 838 840 843 844 847 848 855 856 861 862 863 868 871 872 874 875 878 879 881 882 883 884 889 891 892 893 895 897 898 901 903 905 906 907 908 911 918 919 920 921 928
229 127 221 235 237 239 243 245 246 247 250 251 253 255 315 319 343 347 350 364 365 367 369 373 374 375 377 378 379 399 407 409 410 411 412 421 426 429 430 434 435 436 443 445 447 451 453 457 458 461 465 466 468 471 476 478 481 487 490 492 496 497 498 501 502 503 504 505 508 509 510 571 573 575 598 599 601 603 611 615 618 621 622 627 631 633 637 638 654 659 662 666 667 668 670 675 677 678 681 682 683 684 685 689 690 691 692 693 694 696 697 700 701 707 709 711 712 713 716 721 723 726 727 729 732 736 738 739 740 741 744 745 750 751 752 753 754 756 757 758 760 761 762 763 766 781 782 783 788 790 791 796 797 803 805 806 807 810 811 812 813 814 815 819 820 821 822 824 826 827 828 833 837 839 840 843 845 847 848 850 854 855 856 857 858 860 861 862 863 867 868 870 871 873 874 875 878 884 886 888 897 898 900 906 907 910 911 912 913 915 919 920 923 925 929 930 933 935 937 939 944 946 948 951 952 955 956 957 958 960
