256 128
1 0
1 1
1 2
1 3
1 4
1 5
1 6
1 7
1 8
1 9
1 10
1 11
1 12
1 13
1 14
1 15
1 16
1 17
1 18
1 19
1 20
1 21
1 22
1 23
1 24
1 25
1 26
1 27
1 28
1 29
1 30
1 31
1 32
1 33
1 34
1 35
1 36
1 37
1 38
1 39
1 40
1 41
1 42
1 43
1 44
1 45
1 46
1 47
1 48
1 49
1 50
1 51
1 52
1 53
1 54
1 56
1 57
2 55 58
1 60
1 64
1 65
1 66
1 67
1 68
1 69
1 70
1 71
1 72
1 73
1 74
5 55 59 61 62 75
1 76
5 55 59 61 63 77
2 61 78
1 80
1 81
1 82
4 61 62 63 83
1 84
4 59 62 63 85
3 59 62 86
1 88
4 55 62 63 89
1 96
1 97
1 98
6 59 63 87 92 93 99
7 55 61 62 63 90 95 100
8 55 62 63 79 90 91 94 101
9 61 90 92 93 94 95 102 103 104
12 62 87 90 92 93 94 95 102 106 109 111 112
1 128
1 129
1 130
1 131
1 132
1 133
1 134
19 55 61 63 79 91 95 103 107 108 109 110 111 113 117 119 120 122 125 135
1 136
1 137
1 138
23 55 59 62 63 79 90 91 92 94 95 102 108 109 113 114 115 119 121 122 125 126 127 139
1 140
14 55 79 90 91 93 103 107 108 109 115 116 121 125 141
1 144
1 145
1 146
23 61 62 90 93 94 102 103 105 106 108 109 110 111 113 115 116 117 119 122 126 127 143 147
19 59 87 91 94 95 102 103 105 106 107 108 110 114 120 121 122 124 143 148
20 55 59 62 63 79 87 91 95 103 105 106 109 113 115 118 125 126 143 151 152
1 160
22 55 91 92 94 95 102 103 105 106 107 113 115 116 117 119 120 123 142 143 151 157 161
24 62 91 93 95 102 103 107 108 110 111 113 116 118 120 121 123 125 127 142 153 155 157 159 162
23 55 59 61 62 87 91 94 95 107 116 117 121 122 123 126 127 150 151 154 156 158 159 164
28 55 59 63 90 91 93 94 107 108 114 115 116 117 118 119 120 121 122 124 126 142 150 155 156 163 166 167 168
31 55 63 90 91 92 95 108 109 111 113 114 117 118 119 120 121 122 123 125 126 142 149 150 155 156 158 170 173 174 175 176
1 192
39 62 87 90 91 94 95 103 105 106 109 110 111 116 118 123 125 126 142 143 149 150 151 154 155 158 159 163 165 170 172 173 180 181 184 185 186 189 190 193
38 59 79 91 94 102 105 106 110 113 114 115 116 117 119 120 121 122 127 142 155 156 158 169 170 171 172 173 174 177 178 182 183 184 185 186 188 191 194
35 55 90 94 106 108 116 117 118 119 122 123 125 127 143 150 151 154 157 166 170 171 175 177 178 180 182 184 185 187 188 189 190 191 195 196
39 55 62 87 90 94 95 105 108 110 111 118 119 121 122 123 126 127 149 151 156 159 163 166 167 171 172 173 174 175 176 177 178 181 183 185 189 190 191 200
47 55 61 62 87 91 94 95 102 105 106 107 108 109 110 111 116 124 126 127 142 149 151 153 156 157 159 163 170 171 172 173 174 176 181 183 186 188 189 190 195 198 199 200 201 202 203 208
60 55 61 62 79 87 93 94 103 107 108 109 111 115 116 117 118 122 124 125 126 127 149 150 153 154 155 157 158 165 166 172 173 176 177 180 182 186 187 189 195 197 200 202 203 204 207 208 210 211 212 213 215 216 217 218 219 221 222 223 224
47 55 62 63 79 94 95 102 103 106 110 111 113 117 122 124 125 143 151 153 155 165 166 167 170 172 173 183 184 185 187 188 190 191 195 197 202 203 204 205 207 209 211 215 216 217 219 226
59 55 59 62 79 92 94 102 103 109 110 111 113 117 118 121 122 123 124 125 126 143 153 154 155 158 159 165 169 171 173 178 179 180 181 182 185 186 187 188 195 197 198 199 201 202 203 204 205 206 207 209 211 214 216 217 218 223 225 228
53 55 62 87 90 92 103 106 107 108 109 110 111 118 121 122 124 126 142 150 151 155 159 165 166 169 172 173 175 177 178 179 181 182 185 189 195 197 198 202 203 204 206 209 215 216 217 221 223 227 228 229 230 232
51 55 59 62 93 94 102 108 113 121 122 124 125 126 149 150 151 154 155 157 165 167 173 175 178 182 183 185 190 191 197 202 203 204 205 206 210 215 217 218 220 221 222 225 227 228 230 231 232 235 237 240
